controller,size_x_mm,size_y_mm,size_z_mm,repeat,seed,env,success,cycle_s,heuristic_failed
rl,84.0,42.0,42.0,0,1000,0,1,0.6,0
rl,84.0,42.0,42.0,0,1000,1,1,1.1400000000000001,0
rl,84.0,42.0,42.0,0,1000,2,0,nan,0
rl,84.0,42.0,42.0,0,1000,3,1,4.0600000000000005,0
rl,84.0,42.0,42.0,0,1000,4,1,1.1400000000000001,0
rl,84.0,42.0,42.0,0,1000,5,1,0.64,0
rl,84.0,42.0,42.0,0,1000,6,0,nan,0
rl,84.0,42.0,42.0,0,1000,7,1,3.7600000000000002,0
rl,84.0,42.0,42.0,0,1000,8,1,1.5,0
rl,84.0,42.0,42.0,0,1000,9,1,2.92,0
rl,84.0,42.0,42.0,0,1000,10,1,0.9400000000000001,0
rl,84.0,42.0,42.0,0,1000,11,0,nan,0
rl,84.0,42.0,42.0,0,1000,12,1,0.9,0
rl,84.0,42.0,42.0,0,1000,13,0,nan,0
rl,84.0,42.0,42.0,0,1000,14,1,2.52,0
rl,84.0,42.0,42.0,0,1000,15,1,1.28,0
rl,84.0,42.0,42.0,0,1000,16,1,2.3000000000000003,0
rl,84.0,42.0,42.0,0,1000,17,1,0.6,0
rl,84.0,42.0,42.0,0,1000,18,0,nan,0
rl,84.0,42.0,42.0,0,1000,19,1,0.54,0
rl,84.0,42.0,42.0,0,1000,20,1,1.3800000000000001,0
rl,84.0,42.0,42.0,0,1000,21,1,0.64,0
rl,84.0,42.0,42.0,0,1000,22,1,2.16,0
rl,84.0,42.0,42.0,0,1000,23,1,1.46,0
rl,84.0,42.0,42.0,0,1000,24,1,1.12,0
rl,84.0,42.0,42.0,0,1000,25,1,0.9,0
rl,84.0,42.0,42.0,0,1000,26,0,nan,0
rl,84.0,42.0,42.0,0,1000,27,1,3.1,0
rl,84.0,42.0,42.0,0,1000,28,1,2.68,0
rl,84.0,42.0,42.0,0,1000,29,1,0.58,0
rl,84.0,42.0,42.0,0,1000,30,1,4.5200000000000005,0
rl,84.0,42.0,42.0,0,1000,31,0,nan,0
rl,84.0,42.0,42.0,1,1001,0,1,1.76,0
rl,84.0,42.0,42.0,1,1001,1,1,1.0,0
rl,84.0,42.0,42.0,1,1001,2,1,1.24,0
rl,84.0,42.0,42.0,1,1001,3,1,1.6400000000000001,0
rl,84.0,42.0,42.0,1,1001,4,1,1.44,0
rl,84.0,42.0,42.0,1,1001,5,1,2.54,0
rl,84.0,42.0,42.0,1,1001,6,0,nan,0
rl,84.0,42.0,42.0,1,1001,7,1,1.06,0
rl,84.0,42.0,42.0,1,1001,8,1,0.58,0
rl,84.0,42.0,42.0,1,1001,9,1,0.58,0
rl,84.0,42.0,42.0,1,1001,10,1,1.82,0
rl,84.0,42.0,42.0,1,1001,11,1,1.84,0
rl,84.0,42.0,42.0,1,1001,12,1,1.34,0
rl,84.0,42.0,42.0,1,1001,13,1,1.18,0
rl,84.0,42.0,42.0,1,1001,14,1,3.88,0
rl,84.0,42.0,42.0,1,1001,15,0,nan,0
rl,84.0,42.0,42.0,1,1001,16,1,2.48,0
rl,84.0,42.0,42.0,1,1001,17,1,2.02,0
rl,84.0,42.0,42.0,1,1001,18,1,3.7,0
rl,84.0,42.0,42.0,1,1001,19,1,0.58,0
rl,84.0,42.0,42.0,1,1001,20,0,nan,0
rl,84.0,42.0,42.0,1,1001,21,1,2.18,0
rl,84.0,42.0,42.0,1,1001,22,1,0.88,0
rl,84.0,42.0,42.0,1,1001,23,1,3.08,0
rl,84.0,42.0,42.0,1,1001,24,0,nan,0
rl,84.0,42.0,42.0,1,1001,25,1,0.86,0
rl,84.0,42.0,42.0,1,1001,26,1,1.9000000000000001,0
rl,84.0,42.0,42.0,1,1001,27,1,2.06,0
rl,84.0,42.0,42.0,1,1001,28,1,1.48,0
rl,84.0,42.0,42.0,1,1001,29,0,nan,0
rl,84.0,42.0,42.0,1,1001,30,1,1.04,0
rl,84.0,42.0,42.0,1,1001,31,1,0.84,0
rl,84.0,42.0,42.0,2,1002,0,0,nan,0
rl,84.0,42.0,42.0,2,1002,1,1,2.34,0
rl,84.0,42.0,42.0,2,1002,2,1,1.92,0
rl,84.0,42.0,42.0,2,1002,3,1,2.0,0
rl,84.0,42.0,42.0,2,1002,4,1,1.22,0
rl,84.0,42.0,42.0,2,1002,5,0,nan,0
rl,84.0,42.0,42.0,2,1002,6,0,nan,0
rl,84.0,42.0,42.0,2,1002,7,1,0.9400000000000001,0
rl,84.0,42.0,42.0,2,1002,8,1,0.6,0
rl,84.0,42.0,42.0,2,1002,9,1,3.44,0
rl,84.0,42.0,42.0,2,1002,10,1,0.68,0
rl,84.0,42.0,42.0,2,1002,11,0,nan,0
rl,84.0,42.0,42.0,2,1002,12,0,nan,0
rl,84.0,42.0,42.0,2,1002,13,1,1.5,0
rl,84.0,42.0,42.0,2,1002,14,0,nan,0
rl,84.0,42.0,42.0,2,1002,15,1,1.16,0
rl,84.0,42.0,42.0,2,1002,16,1,0.58,0
rl,84.0,42.0,42.0,2,1002,17,1,0.92,0
rl,84.0,42.0,42.0,2,1002,18,1,2.86,0
rl,84.0,42.0,42.0,2,1002,19,1,3.2800000000000002,0
rl,84.0,42.0,42.0,2,1002,20,1,1.6600000000000001,0
rl,84.0,42.0,42.0,2,1002,21,1,3.48,0
rl,84.0,42.0,42.0,2,1002,22,1,1.42,0
rl,84.0,42.0,42.0,2,1002,23,0,nan,0
rl,84.0,42.0,42.0,2,1002,24,1,1.8800000000000001,0
rl,84.0,42.0,42.0,2,1002,25,0,nan,0
rl,84.0,42.0,42.0,2,1002,26,1,0.66,0
rl,84.0,42.0,42.0,2,1002,27,1,0.56,0
rl,84.0,42.0,42.0,2,1002,28,1,2.24,0
rl,84.0,42.0,42.0,2,1002,29,1,1.74,0
rl,84.0,42.0,42.0,2,1002,30,1,0.56,0
rl,84.0,42.0,42.0,2,1002,31,1,0.98,0
rl,84.0,42.0,42.0,3,1003,0,1,3.3000000000000003,0
rl,84.0,42.0,42.0,3,1003,1,1,1.06,0
rl,84.0,42.0,42.0,3,1003,2,1,0.92,0
rl,84.0,42.0,42.0,3,1003,3,1,0.98,0
rl,84.0,42.0,42.0,3,1003,4,1,0.7000000000000001,0
rl,84.0,42.0,42.0,3,1003,5,1,0.92,0
rl,84.0,42.0,42.0,3,1003,6,1,1.2,0
rl,84.0,42.0,42.0,3,1003,7,1,3.04,0
rl,84.0,42.0,42.0,3,1003,8,0,nan,0
rl,84.0,42.0,42.0,3,1003,9,1,1.2,0
rl,84.0,42.0,42.0,3,1003,10,0,nan,0
rl,84.0,42.0,42.0,3,1003,11,0,nan,0
rl,84.0,42.0,42.0,3,1003,12,0,nan,0
rl,84.0,42.0,42.0,3,1003,13,1,2.18,0
rl,84.0,42.0,42.0,3,1003,14,1,0.66,0
rl,84.0,42.0,42.0,3,1003,15,1,0.9,0
rl,84.0,42.0,42.0,3,1003,16,0,nan,0
rl,84.0,42.0,42.0,3,1003,17,1,1.54,0
rl,84.0,42.0,42.0,3,1003,18,1,4.0200000000000005,0
rl,84.0,42.0,42.0,3,1003,19,1,2.84,0
rl,84.0,42.0,42.0,3,1003,20,1,1.2,0
rl,84.0,42.0,42.0,3,1003,21,1,0.56,0
rl,84.0,42.0,42.0,3,1003,22,1,2.66,0
rl,84.0,42.0,42.0,3,1003,23,1,0.8,0
rl,84.0,42.0,42.0,3,1003,24,1,2.1,0
rl,84.0,42.0,42.0,3,1003,25,1,1.74,0
rl,84.0,42.0,42.0,3,1003,26,1,3.62,0
rl,84.0,42.0,42.0,3,1003,27,1,1.02,0
rl,84.0,42.0,42.0,3,1003,28,0,nan,0
rl,84.0,42.0,42.0,3,1003,29,0,nan,0
rl,84.0,42.0,42.0,3,1003,30,0,nan,0
rl,84.0,42.0,42.0,3,1003,31,0,nan,0
rl,84.0,42.0,42.0,4,1004,0,0,nan,0
rl,84.0,42.0,42.0,4,1004,1,1,0.66,0
rl,84.0,42.0,42.0,4,1004,2,1,0.7000000000000001,0
rl,84.0,42.0,42.0,4,1004,3,0,nan,0
rl,84.0,42.0,42.0,4,1004,4,1,0.6,0
rl,84.0,42.0,42.0,4,1004,5,1,0.64,0
rl,84.0,42.0,42.0,4,1004,6,0,nan,0
rl,84.0,42.0,42.0,4,1004,7,0,nan,0
rl,84.0,42.0,42.0,4,1004,8,1,0.58,0
rl,84.0,42.0,42.0,4,1004,9,0,nan,0
rl,84.0,42.0,42.0,4,1004,10,1,2.46,0
rl,84.0,42.0,42.0,4,1004,11,1,1.4000000000000001,0
rl,84.0,42.0,42.0,4,1004,12,0,nan,0
rl,84.0,42.0,42.0,4,1004,13,1,0.92,0
rl,84.0,42.0,42.0,4,1004,14,1,2.54,0
rl,84.0,42.0,42.0,4,1004,15,1,0.62,0
rl,84.0,42.0,42.0,4,1004,16,1,1.08,0
rl,84.0,42.0,42.0,4,1004,17,1,4.5200000000000005,0
rl,84.0,42.0,42.0,4,1004,18,0,nan,0
rl,84.0,42.0,42.0,4,1004,19,1,1.44,0
rl,84.0,42.0,42.0,4,1004,20,1,1.76,0
rl,84.0,42.0,42.0,4,1004,21,1,0.86,0
rl,84.0,42.0,42.0,4,1004,22,0,nan,0
rl,84.0,42.0,42.0,4,1004,23,1,1.24,0
rl,84.0,42.0,42.0,4,1004,24,1,2.6,0
rl,84.0,42.0,42.0,4,1004,25,1,0.6,0
rl,84.0,42.0,42.0,4,1004,26,1,1.8800000000000001,0
rl,84.0,42.0,42.0,4,1004,27,0,nan,0
rl,84.0,42.0,42.0,4,1004,28,0,nan,0
rl,84.0,42.0,42.0,4,1004,29,0,nan,0
rl,84.0,42.0,42.0,4,1004,30,1,1.48,0
rl,84.0,42.0,42.0,4,1004,31,0,nan,0
